#include <stdio.h>

int main()
{
   int a[10][10][10] = {
    {{55,1,2,3,4,5,6,7,8,9}, {55,1,2,3,4,5,6,7,8,9}, {55,1,2,3,4,5,6,7,8,9}, {55,1,2,3,4,5,6,7,8,9}, {55,1,2,3,4,5,6,7,8,9}, {55,1,2,3,4,5,6,7,8,9}, {55,1,2,3,4,5,6,7,8,9}, {55,1,2,3,4,5,6,7,8,9}, {55,1,2,3,4,5,6,7,8,9}, {55,1,2,3,4,5,6,7,8,9}},
    {{55,1,2,3,4,5,6,7,8,9}, {55,1,2,3,4,5,6,7,8,9}, {55,1,2,3,4,5,6,7,8,9}, {55,1,2,3,4,5,6,7,8,9}, {55,1,2,3,4,5,6,7,8,9}, {55,1,2,3,4,5,6,7,8,9}, {55,1,2,3,4,5,6,7,8,9}, {55,1,2,3,4,5,6,7,8,9}, {55,1,2,3,4,5,6,7,8,9}, {55,1,2,3,4,5,6,7,8,9}},
    {{55,1,2,3,4,5,6,7,8,9}, {55,1,2,3,4,5,6,7,8,9}, {55,1,2,3,4,5,6,7,8,9}, {55,1,2,3,4,5,6,7,8,9}, {55,1,2,3,4,5,6,7,8,9}, {55,1,2,3,4,5,6,7,8,9}, {55,1,2,3,4,5,6,7,8,9}, {55,1,2,3,4,5,6,7,8,9}, {55,1,2,3,4,5,6,7,8,9}, {55,1,2,3,4,5,6,7,8,9}},
    {{55,1,2,3,4,5,6,7,8,9}, {55,1,2,3,4,5,6,7,8,9}, {55,1,2,3,4,5,6,7,8,9}, {55,1,2,3,4,5,6,7,8,9}, {55,1,2,3,4,5,6,7,8,9}, {55,1,2,3,4,5,6,7,8,9}, {55,1,2,3,4,5,6,7,8,9}, {55,1,2,3,4,5,6,7,8,9}, {55,1,2,3,4,5,6,7,8,9}, {55,1,2,3,4,5,6,7,8,9}},
    {{55,1,2,3,4,5,6,7,8,9}, {55,1,2,3,4,5,6,7,8,9}, {55,1,2,3,4,5,6,7,8,9}, {55,1,2,3,4,5,6,7,8,9}, {55,1,2,3,4,5,6,7,8,9}, {55,1,2,3,4,5,6,7,8,9}, {55,1,2,3,4,5,6,7,8,9}, {55,1,2,3,4,5,6,7,8,9}, {55,1,2,3,4,5,6,7,8,9}, {55,1,2,3,4,5,6,7,8,9}},
    {{55,1,2,3,4,5,6,7,8,9}, {55,1,2,3,4,5,6,7,8,9}, {55,1,2,3,4,5,6,7,8,9}, {55,1,2,3,4,5,6,7,8,9}, {55,1,2,3,4,5,6,7,8,9}, {55,1,2,3,4,5,6,7,8,9}, {55,1,2,3,4,5,6,7,8,9}, {55,1,2,3,4,5,6,7,8,9}, {55,1,2,3,4,5,6,7,8,9}, {55,1,2,3,4,5,6,7,8,9}},
    {{55,1,2,3,4,5,6,7,8,9}, {55,1,2,3,4,5,6,7,8,9}, {55,1,2,3,4,5,6,7,8,9}, {55,1,2,3,4,5,6,7,8,9}, {55,1,2,3,4,5,6,7,8,9}, {55,1,2,3,4,5,6,7,8,9}, {55,1,2,3,4,5,6,7,8,9}, {55,1,2,3,4,5,6,7,8,9}, {55,1,2,3,4,5,6,7,8,9}, {55,1,2,3,4,5,6,7,8,9}},
    {{55,1,2,3,4,5,6,7,8,9}, {55,1,2,3,4,5,6,7,8,9}, {55,1,2,3,4,5,6,7,8,9}, {55,1,2,3,4,5,6,7,8,9}, {55,1,2,3,4,5,6,7,8,9}, {55,1,2,3,4,5,6,7,8,9}, {55,1,2,3,4,5,6,7,8,9}, {55,1,2,3,4,5,6,7,8,9}, {55,1,2,3,4,5,6,7,8,9}, {55,1,2,3,4,5,6,7,8,9}},
    {{55,1,2,3,4,5,6,7,8,9}, {55,1,2,3,4,5,6,7,8,9}, {55,1,2,3,4,5,6,7,8,9}, {55,1,2,3,4,5,6,7,8,9}, {55,1,2,3,4,5,6,7,8,9}, {55,1,2,3,4,5,6,7,8,9}, {55,1,2,3,4,5,6,7,8,9}, {55,1,2,3,4,5,6,7,8,9}, {55,1,2,3,4,5,6,7,8,9}, {55,1,2,3,4,5,6,7,8,9}},
    {{55,1,2,3,4,5,6,7,8,9}, {55,1,2,3,4,5,6,7,8,9}, {55,1,2,3,4,5,6,7,8,9}, {55,1,2,3,4,5,6,7,8,9}, {55,1,2,3,4,5,6,7,8,9}, {55,1,2,3,4,5,6,7,8,9}, {55,1,2,3,4,5,6,7,8,9}, {55,1,2,3,4,5,6,7,8,9}, {55,1,2,3,4,5,6,7,8,9}, {55,1,2,3,4,5,6,7,8,990}}
   };
     
   int *p = a;
   printf ("%d-", *(p + 990));//--->55.
   printf ("%d-", *(p + 999));//--->990.
   
   printf("Hello World");
   return 0;
}


