#include <stdio.h>

int main()
{
   char a[10][10][10] = {
    {{40,41,42,43,44,45,46,47,48,49}, {55,1,2,3,4,5,6,7,8,9}, {55,1,2,3,4,5,6,7,8,9}, {55,1,2,3,4,5,6,7,8,9}, {55,1,2,3,4,5,6,7,8,9}, {55,1,2,3,4,5,6,7,8,9}, {55,1,2,3,4,5,6,7,8,9}, {55,1,2,3,4,5,6,7,8,9}, {55,1,2,3,4,5,6,7,8,9}, {55,1,2,3,4,5,6,7,8,9}},
    {{55,1,2,3,4,5,6,7,8,9}, {55,1,2,3,4,5,6,7,8,9}, {55,1,2,3,4,5,6,7,8,9}, {55,1,2,3,4,5,6,7,8,9}, {55,1,2,3,4,5,6,7,8,9}, {55,1,2,3,4,5,6,7,8,9}, {55,1,2,3,4,5,6,7,8,9}, {55,1,2,3,4,5,6,7,8,9}, {55,1,2,3,4,5,6,7,8,9}, {55,1,2,3,4,5,6,7,8,9}},
    {{55,1,2,3,4,5,6,7,8,9}, {55,1,2,3,4,5,6,7,8,9}, {55,1,2,3,4,5,6,7,8,9}, {55,1,2,3,4,5,6,7,8,9}, {55,1,2,3,4,5,6,7,8,9}, {55,1,2,3,4,5,6,7,8,9}, {55,1,2,3,4,5,6,7,8,9}, {55,1,2,3,4,5,6,7,8,9}, {55,1,2,3,4,5,6,7,8,9}, {55,1,2,3,4,5,6,7,8,9}},
    {{55,1,2,3,4,5,6,7,8,9}, {55,1,2,3,4,5,6,7,8,9}, {55,1,2,3,4,5,6,7,8,9}, {55,1,2,3,4,5,6,7,8,9}, {55,1,2,3,4,5,6,7,8,9}, {55,1,2,3,4,5,6,7,8,9}, {55,1,2,3,4,5,6,7,8,9}, {55,1,2,3,4,5,6,7,8,9}, {55,1,2,3,4,5,6,7,8,9}, {55,1,2,3,4,5,6,7,8,9}},
    {{55,1,2,3,4,5,6,7,8,9}, {55,1,2,3,4,5,6,7,8,9}, {55,1,2,3,4,5,6,7,8,9}, {55,1,2,3,4,5,6,7,8,9}, {55,1,2,3,4,5,6,7,8,9}, {55,1,2,3,4,5,6,7,8,9}, {55,1,2,3,4,5,6,7,8,9}, {55,1,2,3,4,5,6,7,8,9}, {55,1,2,3,4,5,6,7,8,9}, {55,1,2,3,4,5,6,7,8,9}},
    {{55,1,2,3,4,5,6,7,8,9}, {55,1,2,3,4,5,6,7,8,9}, {55,1,2,3,4,5,6,7,8,9}, {55,1,2,3,4,5,6,7,8,9}, {55,1,2,3,4,5,6,7,8,9}, {55,1,2,3,4,5,6,7,8,9}, {55,1,2,3,4,5,6,7,8,9}, {55,1,2,3,4,5,6,7,8,9}, {55,1,2,3,4,5,6,7,8,9}, {55,1,2,3,4,5,6,7,8,9}},
    {{55,1,2,3,4,5,6,7,8,9}, {55,1,2,3,4,5,6,7,8,9}, {55,1,2,3,4,5,6,7,8,9}, {55,1,2,3,4,5,6,7,8,9}, {55,1,2,3,4,5,6,7,8,9}, {55,1,2,3,4,5,6,7,8,9}, {55,1,2,3,4,5,6,7,8,9}, {55,1,2,3,4,5,6,7,8,9}, {55,1,2,3,4,5,6,7,8,9}, {55,1,2,3,4,5,6,7,8,9}},
    {{55,1,2,3,4,5,6,7,8,9}, {55,1,2,3,4,5,6,7,8,9}, {55,1,2,3,4,5,6,7,8,9}, {55,1,2,3,4,5,6,7,8,9}, {55,1,2,3,4,5,6,7,8,9}, {55,1,2,3,4,5,6,7,8,9}, {55,1,2,3,4,5,6,7,8,9}, {55,1,2,3,4,5,6,7,8,9}, {55,1,2,3,4,5,6,7,8,9}, {55,1,2,3,4,5,6,7,8,9}},
    {{55,1,2,3,4,5,6,7,8,9}, {55,1,2,3,4,5,6,7,8,9}, {55,1,2,3,4,5,6,7,8,9}, {55,1,2,3,4,5,6,7,8,9}, {55,1,2,3,4,5,6,7,8,9}, {55,1,2,3,4,5,6,7,8,9}, {55,1,2,3,4,5,6,7,8,9}, {55,1,2,3,4,5,6,7,8,9}, {55,1,2,3,4,5,6,7,8,9}, {55,1,2,3,4,5,6,7,8,9}},
    {{55,1,2,3,4,5,6,7,8,9}, {55,1,2,3,4,5,6,7,8,9}, {55,1,2,3,4,5,6,7,8,9}, {55,1,2,3,4,5,6,7,8,9}, {55,1,2,3,4,5,6,7,8,9}, {55,1,2,3,4,5,6,7,8,9}, {55,1,2,3,4,5,6,7,8,9}, {55,1,2,3,4,5,6,7,8,9}, {55,1,2,3,4,5,6,7,8,9}, {55,56, 57, 58, 59, 60, 61, 62, 63, 64}}
   };
     
   char *p = a;
   printf ("%c  ", *(p + 0));//-----> (
   printf ("%c  ", *(p + 6));//-----> .
   printf ("%c  ", *(p + 9));//-----> 1
   printf ("%c  ", *(p + 990));//-----> 7
   printf ("%c  ", *(p + 999));//-----> @
   
   printf("\r\nHello World");
   return 0;
}
  
output:
main.c:18:14: warning: initialization from incompatible pointer type [-Wincompatible-pointer-types]                   
(  .  1  7  @                                                                                                         
Hello World
